4 ReLU
L: L0 20
L: L1 10
L: L2 5
L: L3 4
C: 0.501526
C: 3.74878
C: 1.51801
C: 2.5235
C: 0.694445
C: -0.901099
C: -2.06319
C: 1.61477
C: 4.48443
C: -3.50397
C: 1.17582
C: -1.02991
C: -3.30952
C: 2.72283
C: -1.53663
C: -2.60592
C: 4.59066
C: 0.391026
C: 4.18346
C: -4.71581
C: 2.63828 -3.31532 -4.99145 -4.14042 -0.319292 3.69841 3.81563 1.80891 -4.95024 -1.21612 0.816239 -3.38584 -2.15232 -4.57906 1.39835 -2.8083 2.58394 -4.08242 -4.12485 -0.988706 -3.90568
C: 2.27839 0.159646 -3.2091 -1.59493 -1.50946 -2.26679 1.67216 -1.75244 -3.13675 -4.837 -4.51709 4.74725 -2.76038 -0.0067153 1.94414 -3.49603 2.79426 -1.1801 -2.29243 -4.8779 3.07082
C: 0.655067 3.52473 1.73901 -0.978632 -2.75336 1.24023 4.56197 3.17582 2.37088 -0.66453 0.960012 2.35379 2.0641 -3.73626 -4.81502 -2.28266 1.69506 -3.33272 -0.541514 -4.56715 -2.56685
C: 3.52076 0.395299 -2.35501 0.551893 -3.93529 -2.87515 2.74878 -3.16758 -1.10226 -3.69597 3.18773 -0.996032 -4.03632 4.33639 -4.97497 -2.35226 1.50031 -1.02198 0.0305252 -3.61844 -2.43559
C: 3.80525 -1.08639 -2.1978 -3.56563 -2.60012 -4.48565 3.91941 2.01068 -2.47741 3.69261 4.25977 -0.788767 2.04426 3.94872 -0.808913 -0.912698 2.25122 2.9475 3.15537 -0.557082 -4.75641
C: 0.582112 0.887668 -1.66911 0.532051 -4.12882 1.42888 -0.671551 -1.38492 -0.0216727 1.41789 1.63797 -2.62851 -3.22863 -4.79823 3.4768 0.262821 -4.57875 -2.04365 -2.66514 2.9011 -0.233517
C: 0.0302196 2.59737 4.84554 -1.50672 0.4942 -2.23169 2.97955 -4.384 3.75855 -0.73138 1.15995 3.75519 -0.25061 1.45849 1.77106 -2.2967 -3.13492 -1.66331 4.92002 -1.4591 3.17125
C: -4.7558 -1.07967 2.71276 2.37515 -0.879731 -0.478327 -2.55189 -0.521062 -4.42979 -4.43864 2.28968 -4.62118 -3.84921 -3.26404 3.97466 -4.86081 2.9652 -2.50641 4.43223 -3.21245 -1.90781
C: -4.23932 -2.4301 -3.22405 -3.12943 2.95696 -2.09646 -2.41361 2.34188 -4.08486 3.33669 0.796703 3.09554 -4.52259 1.44963 -0.492979 0.568681 -1.53541 4.54487 -3.81838 1.91514 4.80525
C: -3.51282 -2.17643 -3.08394 1.64591 -4.27259 -1.0522 2.10073 -1.73382 -3.19475 -3.53724 1.64438 2.45452 3.28999 2.62668 1.2677 -4.98107 0.324481 -1.41178 3.83913 -4.19719 4.59676
C: -4.30006 1.88095 3.65385 -0.922161 2.89621 -0.0848594 1.94475 -0.852259 -1.09615 -2.78083 4.32601
C: -2.48901 -2.85989 -2.0351 -4.88584 -2.46368 3.37912 -0.913919 -0.104701 -4.97924 4.86325 -2.16056
C: -1.22131 -1.89591 3.11325 -1.53175 0.95696 -3.47039 3.36813 -3.30189 -2.05372 -1.19841 -0.228938
C: 1.50885 0.41453 -4.78083 -2.50641 -3.36294 -0.771673 -1.20269 2.47619 -0.596154 1.5061 0.538462
C: 2.33883 -3.42338 -4.1569 -2.28297 2.85379 1.33578 -3.5 1.60775 -2.86538 -0.54304 1.58669
C: 2.78602 -4.12027 0.96978 1.72131 -1.24725 0.961843
C: -3.22009 -4.89683 3.09829 2.75794 -0.257021 -2.30708
C: 4.51954 1.13523 -4.31593 -2.31105 3.64164 -0.144383
C: 4.12149 0.108058 0.952991 -3.18071 -0.232906 4.54487
