4 sigmoid
L: L0 20
L: L1 10
L: L2 5
L: L3 4
C: -3.15293
C: -0.886752
C: 0.122711
C: 2.5061
C: -4.27289
C: 1.52991
C: 4.69963
C: -0.0289989
C: -3.46459
C: -4.29609
C: -0.0735655
C: -3.77961
C: 0.139805
C: 4.46673
C: 2.36722
C: -3.7851
C: 2.12637
C: -0.297619
C: 1.25
C: 4.98535
C: 2.0293 -0.728022 0.0631866 2.56746 4.60256 -3.75153 1.29884 -2.24786 1.90934 1.31471 -2.54151 3.75549 2.99451 -2.49603 -0.80525 1.11783 -2.94567 3.18956 0.211233 -2.30678 -0.0125151
C: 3.05647 3.23748 2.15659 2.60226 3.74908 2.40934 2.05586 0.49939 -3.74847 -4.90843 1.67613 -3.44292 1.09432 -4.13065 -2.45177 1.55067 2.71306 -0.181929 -0.538767 -3.56624 -3.99603
C: 0.572039 2.34249 -3.12241 -2.47283 1.6105 1.17491 -0.334859 -0.0280828 3.33578 2.08608 -0.514041 4.54457 -0.772589 -4.75946 -3.69811 -3.29792 4.86386 -0.129731 3.04365 -4.97466 2.79823
C: -4.83791 3.10958 -4.8956 4.63431 -2.99573 -2.41575 -0.612638 -0.620879 -3.44261 0.169414 4.91361 2.59829 3.50549 3.63126 -1.87057 -0.428571 -0.553419 1.91026 -1.61508 -4.779 -0.0415139
C: -3.71398 -1.67643 2.05494 1.7326 4.21581 1.91636 0.989011 -0.206044 4.04823 1.58822 -3.6569 3.81471 1.6975 4.23565 4.77381 -2.05494 2.38065 -1.84646 -1.15201 0.477717 4.63431
C: 2.55311 -0.155983 4.87759 -2.01252 -3.60836 -1.81715 3.61172 1.29701 3.3895 -3.24481 1.07204 4.79792 -2.11722 4.27656 4.29792 1.01007 -0.846154 0.482601 -1.26587 0.918498 0.813797
C: 4.05678 -0.34829 4.7265 3.17094 1.46978 -3.24084 -0.728022 -2.42277 -4.92094 -1.31166 -1.63797 0.654457 0.536019 -3.90354 4.89408 4.87973 0.221306 0.865079 -1.98962 4.77045 0.628205
C: -2.4536 4.53205 -2.73107 0.957265 -2.69017 -1.59096 -0.709707 4.28327 0.432845 -1.5464 1.4475 3.56136 3.442 -2.71917 -1.97589 -3.77778 3.52137 0.961233 0.0998168 1.31593 4.2091
C: 4.30769 -0.236264 -2.7442 -2.94658 3.86386 -2.22589 0.479548 -1.221 -0.631258 3.84005 4.18315 -2.29457 3.64499 1.32357 1.58883 1.9362 -2.88736 1.90812 -1.0931 1.52595 -4.87485
C: 1.40293 1.12118 -2.23962 -2.98535 -4.89255 2.38889 1.42674 2.69383 3.75946 4.52534 4.4304 -1.22741 -3.24939 -1.2152 3.86081 4.76221 1.88248 -4.53693 -2.22314 3.91239 0.213981
C: 0.765263 0.996642 4.93315 -4.77228 1.63095 -1.62118 -4.11691 -4.27717 3.85073 4.09829 -3.47558
C: -1.94872 1.96245 -1.26893 -2.46429 3.31136 -1.163 -2.72161 3.14866 -0.387973 -1.6917 0.620879
C: 1.06654 -2.85165 -2.31532 3.36722 2.52045 0.89652 1.46184 3.56013 0.246642 -2.20055 3.02411
C: 2.05128 -2.28999 3.85562 -3.02228 -4.15995 -0.985043 3.36874 0.354395 -3.75763 -3.23871 1.77381
C: -4.04457 1.53052 -1.00855 -0.246032 -3.05922 2.98626 0.62149 2.64652 4.55739 1.1279 2.57601
C: -2.20482 -3.59951 1.48687 -3.45543 -2.558 4.3605
C: -1.663 -4.5583 3.62424 -0.415751 -3.79029 -0.448107
C: -2.03968 -4.23871 -3.41728 2.73535 0.452381 4.0757
C: 0.828144 0.271368 -0.288157 1.81929 4.22192 -0.355311
